60;кувшинка.png;-200;250;80;0;0;0
61;кувшинка.png;800;420;-80;0;0;0
210;кувшинка.png;-200;250;80;0;0;0
211;кувшинка.png;800;420;-80;0;0;0
360;кувшинка.png;-200;250;80;0;0;0
361;кувшинка.png;800;420;-80;0;0;0
510;кувшинка.png;-200;250;80;0;0;0
511;кувшинка.png;800;420;-80;0;0;0
660;кувшинка.png;-200;250;80;0;0;0
661;кувшинка.png;800;420;-80;0;0;0
390;big_bubble.png;255;0;0;50;0;2
420;big_bubble.png;370;0;0;50;0;2
450;big_bubble.png;485;0;0;50;0;2
560;big_bubble.png;485;600;0;-50;0;-2
590;big_bubble.png;370;600;0;-50;0;-2
620;big_bubble.png;255;600;0;-50;0;-2
1500;END